1     5     9    13    18    22    22    22    26    28    33    38    39    42    43    48
1     2     5     5     8     8    10    13    17    21    24    26    28    33    38    38
1     0     3     7    12    13    14    14    19    22    24    27    30    32    35    36
1     4     9    11    15    18    21    22    27    30    31    35    39    44    46    46
0     4     8    10    14    18    20    23    25    28    32    34    34    37    40    42
1     5     5     9     9    11    15    17    22    26    26    29    31    32    37    41
0     0     3     8    11    16    17    17    17    17    20    22    27    27    32    37
0     4     4     7    12    15    18    18    22    22    27    27    32    37    40    44
1     4     6    10    13    17    21    25    28    33    34    37    38    43    46    49
1     5     6     8    13    13    15    19    21    25    28    30    30    35    35    40
