Trip   Return    Stops   Dist      Cost   TotDist   TotCost
  1       0       1     10.20     35.46     10.20     35.46
  2       1       2     10.40     47.92     20.60     83.38
  3       0       4     32.84    123.54     53.44    206.91
  4       0       3     21.03     84.37     74.47    291.28
  5       0       5     29.52    127.90    103.99    419.19
 15       0       3     25.47     94.58    365.91   1453.59
 25       1       3     23.86     90.87    665.10   2549.73
 35       0       1     10.08     35.18    902.01   3454.62
 45       0       4     32.49    122.73   1130.45   4304.04
 55       0       4     32.04    121.69   1379.53   5236.91
 65       0       2     10.03     47.07   1581.62   6013.74
 75       1       3     27.04     98.18   1815.46   6851.56

Cumulative Distance: 1869.77km
Cumulative Revenue: $7048.48
Length of Longest Trip: 51.39km
Cost of least expensive trip: $22.59
